x,	 y,	 r 
49 , 67 , 221980557.0225
50 , 67 , 433386748.4375
51 , 67 , 433386748.4375
52 , 67 , 433383659.585
49 , 68 , 433386748.4375
50 , 68 , 887908572.4725
51 , 68 , 1321288493.1275
52 , 68 , 1321281990.41
53 , 68 , 623637380.96
49 , 69 , 433386748.4375
50 , 69 , 1321288493.1275
51 , 69 , 1997784046.4025
52 , 69 , 2653127779.715
53 , 69 , 1733506027.1599998
54 , 69 , 623637380.96
49 , 70 , 433383659.585
50 , 70 , 1321281990.41
51 , 70 , 2653127779.715
52 , 70 , 3551579667.84
53 , 70 , 3287322131.84
54 , 70 , 1733506027.1599998
55 , 70 , 623637380.96
50 , 71 , 623637380.96
51 , 71 , 1733506027.1599998
52 , 71 , 3287322131.84
53 , 71 , 3551579667.84
54 , 71 , 3287322131.84
55 , 71 , 1733506027.1599998
56 , 71 , 623637380.96
313 , 71 , 169141404.4375
314 , 71 , 169141404.4375
315 , 71 , 169139291.1025
316 , 71 , 169137177.7475
51 , 72 , 623637380.96
52 , 72 , 1733506027.1599998
53 , 72 , 3287322131.84
54 , 72 , 3551579667.84
55 , 72 , 3287322131.84
56 , 72 , 1733506027.1599998
57 , 72 , 623637380.96
313 , 72 , 264278669.1275
314 , 72 , 264277856.3125
315 , 72 , 264277043.4775
316 , 72 , 169137177.7475
52 , 73 , 623637380.96
53 , 73 , 1733506027.1599998
54 , 73 , 3287322131.84
55 , 73 , 3551579667.84
56 , 73 , 3287322131.84
57 , 73 , 1733506027.1599998
58 , 73 , 623637380.96
313 , 73 , 274848808.0025
314 , 73 , 274849295.6875
315 , 73 , 264277043.4775
316 , 73 , 169137177.7475
53 , 74 , 623637380.96
54 , 74 , 1733506027.1599998
55 , 74 , 3287322131.84
56 , 74 , 3551579667.84
57 , 74 , 3287322131.84
58 , 74 , 1733506027.1599998
59 , 74 , 623637380.96
313 , 74 , 200836540.03499997
314 , 74 , 274835315.21
315 , 74 , 264266476.86499998
316 , 74 , 169130025.0
54 , 75 , 623637380.96
55 , 75 , 1733506027.1599998
56 , 75 , 3287322131.84
57 , 75 , 3551579667.84
58 , 75 , 3287322131.84
59 , 75 , 1733506027.1599998
60 , 75 , 623637380.96
55 , 76 , 623637380.96
56 , 76 , 1733506027.1599998
57 , 76 , 3287322131.84
58 , 76 , 3551579667.84
59 , 76 , 3287322131.84
60 , 76 , 1733506027.1599998
61 , 76 , 623637380.96
56 , 77 , 623637380.96
57 , 77 , 1733506027.1599998
58 , 77 , 3287322131.84
59 , 77 , 3551579667.84
60 , 77 , 3287322131.84
61 , 77 , 1733506027.1599998
62 , 77 , 623637380.96
57 , 78 , 623637380.96
58 , 78 , 1733506027.1599998
59 , 78 , 3287322131.84
60 , 78 , 3551579667.84
61 , 78 , 3287322131.84
62 , 78 , 1733506027.1599998
63 , 78 , 623637380.96
58 , 79 , 623637380.96
59 , 79 , 1733506027.1599998
60 , 79 , 3287322131.84
61 , 79 , 3551579667.84
62 , 79 , 3287322131.84
63 , 79 , 1733506027.1599998
64 , 79 , 623637380.96
59 , 80 , 623637380.96
60 , 80 , 1733506027.1599998
61 , 80 , 3287322131.84
62 , 80 , 3551579667.84
63 , 80 , 3287322131.84
64 , 80 , 1733506027.1599998
65 , 80 , 623637380.96
60 , 81 , 623637380.96
61 , 81 , 1733506027.1599998
62 , 81 , 3287322131.84
63 , 81 , 3551579667.84
64 , 81 , 3287322131.84
65 , 81 , 1733506027.1599998
66 , 81 , 623637380.96
61 , 82 , 623637380.96
62 , 82 , 1733506027.1599998
63 , 82 , 3287322131.84
64 , 82 , 3551579667.84
65 , 82 , 3287322131.84
66 , 82 , 1733506027.1599998
67 , 82 , 623637380.96
62 , 83 , 623637380.96
63 , 83 , 1733506027.1599998
64 , 83 , 3287322131.84
65 , 83 , 3551579667.84
66 , 83 , 3287322131.84
67 , 83 , 1733506027.1599998
68 , 83 , 623637380.96
63 , 84 , 623637380.96
64 , 84 , 1733506027.1599998
65 , 84 , 3287322131.84
66 , 84 , 3551579667.84
67 , 84 , 3287322131.84
68 , 84 , 1733506027.1599998
69 , 84 , 623637380.96
64 , 85 , 623637380.96
65 , 85 , 1733506027.1599998
66 , 85 , 3287322131.84
67 , 85 , 3551579667.84
68 , 85 , 3287322131.84
69 , 85 , 1733506027.1599998
70 , 85 , 623637380.96
65 , 86 , 623637380.96
66 , 86 , 1733506027.1599998
67 , 86 , 3287322131.84
68 , 86 , 3551579667.84
69 , 86 , 3287322131.84
70 , 86 , 1733506027.1599998
71 , 86 , 623637380.96
66 , 87 , 623637380.96
67 , 87 , 1733506027.1599998
68 , 87 , 3287322131.84
69 , 87 , 3551579667.84
70 , 87 , 3287322131.84
71 , 87 , 1733506027.1599998
72 , 87 , 623637380.96
67 , 88 , 623637380.96
68 , 88 , 1733506027.1599998
69 , 88 , 3287322131.84
70 , 88 , 3551579667.84
71 , 88 , 3287322131.84
72 , 88 , 1733506027.1599998
73 , 88 , 623637380.96
68 , 89 , 623637380.96
69 , 89 , 1733506027.1599998
70 , 89 , 3287322131.84
71 , 89 , 3551579667.84
72 , 89 , 3287322131.84
73 , 89 , 1733506027.1599998
74 , 89 , 623637380.96
69 , 90 , 623637380.96
70 , 90 , 1733506027.1599998
71 , 90 , 3287322131.84
72 , 90 , 3551579667.84
73 , 90 , 3287322131.84
74 , 90 , 1733506027.1599998
75 , 90 , 623637380.96
70 , 91 , 623637380.96
71 , 91 , 1733506027.1599998
72 , 91 , 3287322131.84
73 , 91 , 3551579667.84
74 , 91 , 3287322131.84
75 , 91 , 1733506027.1599998
76 , 91 , 623637380.96
71 , 92 , 623637380.96
72 , 92 , 1733506027.1599998
73 , 92 , 3287322131.84
74 , 92 , 3551579667.84
75 , 92 , 3287322131.84
76 , 92 , 1733506027.1599998
77 , 92 , 623637380.96
72 , 93 , 623637380.96
73 , 93 , 1733506027.1599998
74 , 93 , 3287322131.84
75 , 93 , 3551579667.84
76 , 93 , 3287322131.84
77 , 93 , 1733506027.1599998
78 , 93 , 623637380.96
73 , 94 , 623637380.96
74 , 94 , 1733506027.1599998
75 , 94 , 3287322131.84
76 , 94 , 3551579667.84
77 , 94 , 3287322131.84
78 , 94 , 1733506027.1599998
79 , 94 , 623637380.96
74 , 95 , 623637380.96
75 , 95 , 1733506027.1599998
76 , 95 , 3287322131.84
77 , 95 , 3551579667.84
78 , 95 , 3287322131.84
79 , 95 , 1733506027.1599998
80 , 95 , 623637380.96
75 , 96 , 623637380.96
76 , 96 , 1733506027.1599998
77 , 96 , 3287322131.84
78 , 96 , 3551579667.84
79 , 96 , 3287322131.84
80 , 96 , 1733506027.1599998
81 , 96 , 623637380.96
76 , 97 , 623637380.96
77 , 97 , 1733506027.1599998
78 , 97 , 3287322131.84
79 , 97 , 3551579667.84
80 , 97 , 3287322131.84
81 , 97 , 1733506027.1599998
82 , 97 , 623637380.96
77 , 98 , 623637380.96
78 , 98 , 1733506027.1599998
79 , 98 , 3287322131.84
80 , 98 , 3551579667.84
81 , 98 , 3287322131.84
82 , 98 , 1733506027.1599998
83 , 98 , 623637380.96
78 , 99 , 623637380.96
79 , 99 , 1733506027.1599998
80 , 99 , 3287322131.84
81 , 99 , 3551579667.84
82 , 99 , 3287322131.84
83 , 99 , 1733506027.1599998
84 , 99 , 623637380.96
79 , 100 , 623637380.96
80 , 100 , 1733506027.1599998
81 , 100 , 3287322131.84
82 , 100 , 3551579667.84
83 , 100 , 3287322131.84
84 , 100 , 1733506027.1599998
85 , 100 , 623637380.96
80 , 101 , 623637380.96
81 , 101 , 1733506027.1599998
82 , 101 , 3287322131.84
83 , 101 , 3551579667.84
84 , 101 , 3287322131.84
85 , 101 , 1733506027.1599998
86 , 101 , 623637380.96
81 , 102 , 623637380.96
82 , 102 , 1733506027.1599998
83 , 102 , 3287322131.84
84 , 102 , 3551579667.84
85 , 102 , 3287322131.84
86 , 102 , 1733506027.1599998
87 , 102 , 623637380.96
82 , 103 , 623637380.96
83 , 103 , 1733506027.1599998
84 , 103 , 3287322131.84
85 , 103 , 3551579667.84
86 , 103 , 3287322131.84
87 , 103 , 1733506027.1599998
88 , 103 , 623637380.96
83 , 104 , 623637380.96
84 , 104 , 1733506027.1599998
85 , 104 , 3287322131.84
86 , 104 , 3551579667.84
87 , 104 , 3287322131.84
88 , 104 , 1733506027.1599998
89 , 104 , 623637380.96
84 , 105 , 623637380.96
85 , 105 , 1733506027.1599998
86 , 105 , 3287322131.84
87 , 105 , 3551579667.84
88 , 105 , 3287322131.84
89 , 105 , 1733506027.1599998
90 , 105 , 623637380.96
85 , 106 , 623637380.96
86 , 106 , 1733506027.1599998
87 , 106 , 3287322131.84
88 , 106 , 3551579667.84
89 , 106 , 3287322131.84
90 , 106 , 1733506027.1599998
91 , 106 , 623637380.96
86 , 107 , 623637380.96
87 , 107 , 1733506027.1599998
88 , 107 , 3287322131.84
89 , 107 , 3551579667.84
90 , 107 , 3287322131.84
91 , 107 , 1733506027.1599998
92 , 107 , 623637380.96
87 , 108 , 623637380.96
88 , 108 , 1733506027.1599998
89 , 108 , 3287322131.84
90 , 108 , 3551579667.84
91 , 108 , 3287322131.84
92 , 108 , 1733506027.1599998
93 , 108 , 623637380.96
88 , 109 , 623637380.96
89 , 109 , 1733506027.1599998
90 , 109 , 3287322131.84
91 , 109 , 3551579667.84
92 , 109 , 3287322131.84
93 , 109 , 1733506027.1599998
94 , 109 , 623637380.96
89 , 110 , 623637380.96
90 , 110 , 1733506027.1599998
91 , 110 , 3287322131.84
92 , 110 , 3551579667.84
93 , 110 , 3287322131.84
94 , 110 , 1733506027.1599998
95 , 110 , 623637380.96
90 , 111 , 623637380.96
91 , 111 , 1733506027.1599998
92 , 111 , 3287322131.84
93 , 111 , 3551579667.84
94 , 111 , 3287322131.84
95 , 111 , 1733506027.1599998
96 , 111 , 623637380.96
91 , 112 , 623637380.96
92 , 112 , 1733506027.1599998
93 , 112 , 3287322131.84
94 , 112 , 3551579667.84
95 , 112 , 3287322131.84
96 , 112 , 1733506027.1599998
97 , 112 , 623637380.96
92 , 113 , 623637380.96
93 , 113 , 1733506027.1599998
94 , 113 , 3287322131.84
95 , 113 , 3551579667.84
96 , 113 , 3287322131.84
97 , 113 , 1733506027.1599998
98 , 113 , 623637380.96
93 , 114 , 623637380.96
94 , 114 , 1733506027.1599998
95 , 114 , 3287322131.84
96 , 114 , 3551579667.84
97 , 114 , 3287322131.84
98 , 114 , 1733506027.1599998
99 , 114 , 623637380.96
94 , 115 , 623637380.96
95 , 115 , 1733506027.1599998
96 , 115 , 3287322131.84
97 , 115 , 3551579667.84
98 , 115 , 3287322131.84
99 , 115 , 1733506027.1599998
100 , 115 , 623637380.96
95 , 116 , 623637380.96
96 , 116 , 1733506027.1599998
97 , 116 , 3287322131.84
98 , 116 , 3551579667.84
99 , 116 , 3287322131.84
100 , 116 , 1733506027.1599998
101 , 116 , 623637380.96
96 , 117 , 623637380.96
97 , 117 , 1733506027.1599998
98 , 117 , 3287322131.84
99 , 117 , 3551579667.84
100 , 117 , 3287322131.84
101 , 117 , 1733506027.1599998
102 , 117 , 623637380.96
97 , 118 , 623637380.96
98 , 118 , 1733506027.1599998
99 , 118 , 3287322131.84
100 , 118 , 3551579667.84
101 , 118 , 3287322131.84
102 , 118 , 1733506027.1599998
103 , 118 , 623637380.96
98 , 119 , 623637380.96
99 , 119 , 1733506027.1599998
100 , 119 , 3287322131.84
101 , 119 , 3551579667.84
102 , 119 , 3287322131.84
103 , 119 , 1733506027.1599998
104 , 119 , 623637380.96
99 , 120 , 623637380.96
100 , 120 , 1733506027.1599998
101 , 120 , 3287322131.84
102 , 120 , 3551579667.84
103 , 120 , 3287322131.84
104 , 120 , 1733506027.1599998
105 , 120 , 623637380.96
100 , 121 , 623637380.96
101 , 121 , 1733506027.1599998
102 , 121 , 3287322131.84
103 , 121 , 3551579667.84
104 , 121 , 3287322131.84
105 , 121 , 1733506027.1599998
106 , 121 , 623637380.96
101 , 122 , 623637380.96
102 , 122 , 1733506027.1599998
103 , 122 , 3287322131.84
104 , 122 , 3551579667.84
105 , 122 , 3287322131.84
106 , 122 , 1733506027.1599998
107 , 122 , 623637380.96
102 , 123 , 623637380.96
103 , 123 , 1733506027.1599998
104 , 123 , 3287322131.84
105 , 123 , 3551579667.84
106 , 123 , 3287322131.84
107 , 123 , 1733506027.1599998
108 , 123 , 623637380.96
103 , 124 , 623637380.96
104 , 124 , 1733506027.1599998
105 , 124 , 3287322131.84
106 , 124 , 3551579667.84
107 , 124 , 3287322131.84
108 , 124 , 1733506027.1599998
109 , 124 , 623637380.96
104 , 125 , 623637380.96
105 , 125 , 1733506027.1599998
106 , 125 , 3287322131.84
107 , 125 , 3551579667.84
108 , 125 , 3287322131.84
109 , 125 , 1733506027.1599998
110 , 125 , 623637380.96
105 , 126 , 623637380.96
106 , 126 , 1733506027.1599998
107 , 126 , 3287322131.84
108 , 126 , 3551579667.84
109 , 126 , 3287322131.84
110 , 126 , 1733506027.1599998
111 , 126 , 623637380.96
106 , 127 , 623637380.96
107 , 127 , 1733506027.1599998
108 , 127 , 3287322131.84
109 , 127 , 3551579667.84
110 , 127 , 3287322131.84
111 , 127 , 1733506027.1599998
112 , 127 , 623637380.96
107 , 128 , 623637380.96
108 , 128 , 1733506027.1599998
109 , 128 , 3287322131.84
110 , 128 , 3551579667.84
111 , 128 , 3287322131.84
112 , 128 , 1733506027.1599998
113 , 128 , 623637380.96
108 , 129 , 623637380.96
109 , 129 , 1733506027.1599998
110 , 129 , 3287322131.84
111 , 129 , 3551579667.84
112 , 129 , 3287322131.84
113 , 129 , 1733506027.1599998
114 , 129 , 623637380.96
109 , 130 , 623637380.96
110 , 130 , 1733506027.1599998
111 , 130 , 3287322131.84
112 , 130 , 3551579667.84
113 , 130 , 3287322131.84
114 , 130 , 1733506027.1599998
115 , 130 , 623637380.96
110 , 131 , 623637380.96
111 , 131 , 1733506027.1599998
112 , 131 , 3287322131.84
113 , 131 , 3551579667.84
114 , 131 , 3287322131.84
115 , 131 , 1733506027.1599998
116 , 131 , 623637380.96
111 , 132 , 623637380.96
112 , 132 , 1733506027.1599998
113 , 132 , 3287322131.84
114 , 132 , 3551579667.84
115 , 132 , 3287322131.84
116 , 132 , 1733506027.1599998
117 , 132 , 623637380.96
112 , 133 , 623637380.96
113 , 133 , 1733506027.1599998
114 , 133 , 3287322131.84
115 , 133 , 3551579667.84
116 , 133 , 3287322131.84
117 , 133 , 1733506027.1599998
118 , 133 , 623637380.96
113 , 134 , 623637380.96
114 , 134 , 1733506027.1599998
115 , 134 , 3287322131.84
116 , 134 , 3551579667.84
117 , 134 , 3287322131.84
118 , 134 , 1733506027.1599998
119 , 134 , 623637380.96
114 , 135 , 623637380.96
115 , 135 , 1733506027.1599998
116 , 135 , 3287322131.84
117 , 135 , 3551579667.84
118 , 135 , 3287322131.84
119 , 135 , 1733506027.1599998
120 , 135 , 623637380.96
115 , 136 , 623637380.96
116 , 136 , 1733506027.1599998
117 , 136 , 3287322131.84
118 , 136 , 3551579667.84
119 , 136 , 3287322131.84
120 , 136 , 1733506027.1599998
121 , 136 , 623637380.96
116 , 137 , 623637380.96
117 , 137 , 1733506027.1599998
118 , 137 , 3287322131.84
119 , 137 , 3551579667.84
120 , 137 , 3287322131.84
121 , 137 , 1733506027.1599998
122 , 137 , 623637380.96
117 , 138 , 623637380.96
118 , 138 , 1733506027.1599998
119 , 138 , 3287322131.84
120 , 138 , 3551579667.84
121 , 138 , 3287322131.84
122 , 138 , 1733506027.1599998
123 , 138 , 623637380.96
118 , 139 , 623637380.96
119 , 139 , 1733506027.1599998
120 , 139 , 3287322131.84
121 , 139 , 3551579667.84
122 , 139 , 3287322131.84
123 , 139 , 1733506027.1599998
124 , 139 , 623637380.96
119 , 140 , 623637380.96
120 , 140 , 1733506027.1599998
121 , 140 , 3287322131.84
122 , 140 , 3551579667.84
123 , 140 , 3287322131.84
124 , 140 , 1733506027.1599998
125 , 140 , 623637380.96
120 , 141 , 623637380.96
121 , 141 , 1733506027.1599998
122 , 141 , 3287322131.84
123 , 141 , 3551579667.84
124 , 141 , 3287322131.84
125 , 141 , 1733506027.1599998
126 , 141 , 623637380.96
121 , 142 , 623637380.96
122 , 142 , 1733506027.1599998
123 , 142 , 3287322131.84
124 , 142 , 3551579667.84
125 , 142 , 3287322131.84
126 , 142 , 1733506027.1599998
127 , 142 , 623637380.96
122 , 143 , 623637380.96
123 , 143 , 1733506027.1599998
124 , 143 , 3287322131.84
125 , 143 , 3551579667.84
126 , 143 , 3287322131.84
127 , 143 , 1733506027.1599998
128 , 143 , 623637380.96
123 , 144 , 623637380.96
124 , 144 , 1733506027.1599998
125 , 144 , 3287322131.84
126 , 144 , 3551579667.84
127 , 144 , 3287322131.84
128 , 144 , 1733506027.1599998
129 , 144 , 623637380.96
124 , 145 , 623637380.96
125 , 145 , 1733506027.1599998
126 , 145 , 3287322131.84
127 , 145 , 3551579667.84
128 , 145 , 3287322131.84
129 , 145 , 1733506027.1599998
130 , 145 , 623637380.96
125 , 146 , 623637380.96
126 , 146 , 1733506027.1599998
127 , 146 , 3287322131.84
128 , 146 , 3551579667.84
129 , 146 , 3287322131.84
130 , 146 , 1733506027.1599998
131 , 146 , 623637380.96
126 , 147 , 623637380.96
127 , 147 , 1733506027.1599998
128 , 147 , 3287322131.84
129 , 147 , 3551579667.84
130 , 147 , 3287322131.84
131 , 147 , 1733506027.1599998
132 , 147 , 623637380.96
127 , 148 , 623637380.96
128 , 148 , 1733506027.1599998
129 , 148 , 3287322131.84
130 , 148 , 3551579667.84
131 , 148 , 3287322131.84
132 , 148 , 1733506027.1599998
133 , 148 , 623637380.96
128 , 149 , 623637380.96
129 , 149 , 1733506027.1599998
130 , 149 , 3287322131.84
131 , 149 , 3551579667.84
132 , 149 , 3287322131.84
133 , 149 , 1733506027.1599998
134 , 149 , 623637380.96
129 , 150 , 623637380.96
130 , 150 , 1733506027.1599998
131 , 150 , 3287322131.84
132 , 150 , 3551579667.84
133 , 150 , 3287322131.84
134 , 150 , 1733506027.1599998
135 , 150 , 623637380.96
130 , 151 , 623637380.96
131 , 151 , 1733506027.1599998
132 , 151 , 3287322131.84
133 , 151 , 3551579667.84
134 , 151 , 3287322131.84
135 , 151 , 1733506027.1599998
136 , 151 , 623637380.96
131 , 152 , 623637380.96
132 , 152 , 1733506027.1599998
133 , 152 , 3287322131.84
134 , 152 , 3551579667.84
135 , 152 , 3287322131.84
136 , 152 , 1733506027.1599998
137 , 152 , 623637380.96
132 , 153 , 623637380.96
133 , 153 , 1733506027.1599998
134 , 153 , 3287322131.84
135 , 153 , 3551579667.84
136 , 153 , 3287322131.84
137 , 153 , 1733506027.1599998
138 , 153 , 623637380.96
133 , 154 , 623637380.96
134 , 154 , 1733506027.1599998
135 , 154 , 3287322131.84
136 , 154 , 3551579667.84
137 , 154 , 3287322131.84
138 , 154 , 1733506027.1599998
139 , 154 , 623637380.96
134 , 155 , 623637380.96
135 , 155 , 1733506027.1599998
136 , 155 , 3287322131.84
137 , 155 , 3551579667.84
138 , 155 , 3287322131.84
139 , 155 , 1733506027.1599998
140 , 155 , 623637380.96
135 , 156 , 623637380.96
136 , 156 , 1733506027.1599998
137 , 156 , 3287322131.84
138 , 156 , 3551579667.84
139 , 156 , 3287322131.84
140 , 156 , 1733506027.1599998
141 , 156 , 623637380.96
136 , 157 , 623637380.96
137 , 157 , 1733506027.1599998
138 , 157 , 3287322131.84
139 , 157 , 3551579667.84
140 , 157 , 3287322131.84
141 , 157 , 1733506027.1599998
142 , 157 , 623637380.96
137 , 158 , 623637380.96
138 , 158 , 1733506027.1599998
139 , 158 , 3287322131.84
140 , 158 , 3551579667.84
141 , 158 , 3287322131.84
142 , 158 , 1733506027.1599998
143 , 158 , 623637380.96
138 , 159 , 623637380.96
139 , 159 , 1733506027.1599998
140 , 159 , 3287322131.84
141 , 159 , 3551579667.84
142 , 159 , 3287322131.84
143 , 159 , 1733506027.1599998
144 , 159 , 623637380.96
139 , 160 , 623637380.96
140 , 160 , 1733506027.1599998
141 , 160 , 3287322131.84
142 , 160 , 3551579667.84
143 , 160 , 3287322131.84
144 , 160 , 1733506027.1599998
145 , 160 , 623637380.96
140 , 161 , 623637380.96
141 , 161 , 1733506027.1599998
142 , 161 , 3287322131.84
143 , 161 , 3551579667.84
144 , 161 , 3287322131.84
145 , 161 , 1733506027.1599998
146 , 161 , 623637380.96
141 , 162 , 623637380.96
142 , 162 , 1733506027.1599998
143 , 162 , 3287322131.84
144 , 162 , 3551579667.84
145 , 162 , 3287322131.84
146 , 162 , 1733506027.1599998
147 , 162 , 623637380.96
142 , 163 , 623637380.96
143 , 163 , 1733506027.1599998
144 , 163 , 3287322131.84
145 , 163 , 3551579667.84
146 , 163 , 3287322131.84
147 , 163 , 1733506027.1599998
148 , 163 , 623637380.96
143 , 164 , 623637380.96
144 , 164 , 1733506027.1599998
145 , 164 , 3287322131.84
146 , 164 , 3551579667.84
147 , 164 , 3287322131.84
148 , 164 , 1733506027.1599998
149 , 164 , 623637380.96
144 , 165 , 623637380.96
145 , 165 , 1733506027.1599998
146 , 165 , 3287322131.84
147 , 165 , 3551579667.84
148 , 165 , 3287322131.84
149 , 165 , 1733506027.1599998
150 , 165 , 623637380.96
145 , 166 , 623637380.96
146 , 166 , 1733506027.1599998
147 , 166 , 3287322131.84
148 , 166 , 3551579667.84
149 , 166 , 3287322131.84
150 , 166 , 1733506027.1599998
151 , 166 , 623637380.96
146 , 167 , 623637380.96
147 , 167 , 1733506027.1599998
148 , 167 , 3287322131.84
149 , 167 , 3551579667.84
150 , 167 , 3287322131.84
151 , 167 , 1733506027.1599998
152 , 167 , 623637380.96
147 , 168 , 623637380.96
148 , 168 , 1733506027.1599998
149 , 168 , 3287322131.84
150 , 168 , 3551579667.84
151 , 168 , 3287322131.84
152 , 168 , 1733506027.1599998
153 , 168 , 623637380.96
148 , 169 , 623637380.96
149 , 169 , 1733506027.1599998
150 , 169 , 3287322131.84
151 , 169 , 3551579667.84
152 , 169 , 3287322131.84
153 , 169 , 1733506027.1599998
154 , 169 , 623637380.96
149 , 170 , 623637380.96
150 , 170 , 1733506027.1599998
151 , 170 , 3287322131.84
152 , 170 , 3551579667.84
153 , 170 , 3287322131.84
154 , 170 , 1733506027.1599998
155 , 170 , 623637380.96
150 , 171 , 623637380.96
151 , 171 , 1733506027.1599998
152 , 171 , 3287322131.84
153 , 171 , 3551579667.84
154 , 171 , 3287322131.84
155 , 171 , 1733506027.1599998
156 , 171 , 623637380.96
151 , 172 , 623637380.96
152 , 172 , 1733506027.1599998
153 , 172 , 3287322131.84
154 , 172 , 3551579667.84
155 , 172 , 3287322131.84
156 , 172 , 1733506027.1599998
157 , 172 , 623637380.96
152 , 173 , 623637380.96
153 , 173 , 1733506027.1599998
154 , 173 , 3287322131.84
155 , 173 , 3551579667.84
156 , 173 , 3287322131.84
157 , 173 , 1733506027.1599998
158 , 173 , 623637380.96
153 , 174 , 623637380.96
154 , 174 , 1733506027.1599998
155 , 174 , 3287322131.84
156 , 174 , 3551579667.84
157 , 174 , 3287322131.84
158 , 174 , 1733506027.1599998
159 , 174 , 623637380.96
154 , 175 , 623637380.96
155 , 175 , 1733506027.1599998
156 , 175 , 3287322131.84
157 , 175 , 3551579667.84
158 , 175 , 3287322131.84
159 , 175 , 1733506027.1599998
160 , 175 , 623637380.96
155 , 176 , 623637380.96
156 , 176 , 1733506027.1599998
157 , 176 , 3287322131.84
158 , 176 , 3551579667.84
159 , 176 , 3287322131.84
160 , 176 , 1733506027.1599998
161 , 176 , 623637380.96
156 , 177 , 623637380.96
157 , 177 , 1733506027.1599998
158 , 177 , 3287322131.84
159 , 177 , 3551579667.84
160 , 177 , 3287322131.84
161 , 177 , 1733506027.1599998
162 , 177 , 623637380.96
157 , 178 , 623637380.96
158 , 178 , 1733506027.1599998
159 , 178 , 3287322131.84
160 , 178 , 3551579667.84
161 , 178 , 3287322131.84
162 , 178 , 1733506027.1599998
163 , 178 , 623637380.96
158 , 179 , 623637380.96
159 , 179 , 1733506027.1599998
160 , 179 , 3287322131.84
161 , 179 , 3551579667.84
162 , 179 , 3287322131.84
163 , 179 , 1733506027.1599998
164 , 179 , 623637380.96
159 , 180 , 623637380.96
160 , 180 , 1733506027.1599998
161 , 180 , 3287322131.84
162 , 180 , 3551579667.84
163 , 180 , 3287322131.84
164 , 180 , 1733506027.1599998
165 , 180 , 623637380.96
160 , 181 , 623637380.96
161 , 181 , 1733506027.1599998
162 , 181 , 3287322131.84
163 , 181 , 3551579667.84
164 , 181 , 3287322131.84
165 , 181 , 1733506027.1599998
166 , 181 , 623637380.96
161 , 182 , 623637380.96
162 , 182 , 1733506027.1599998
163 , 182 , 3287322131.84
164 , 182 , 3551579667.84
165 , 182 , 3287322131.84
166 , 182 , 1733506027.1599998
167 , 182 , 623637380.96
162 , 183 , 623637380.96
163 , 183 , 1733506027.1599998
164 , 183 , 3287322131.84
165 , 183 , 3551579667.84
166 , 183 , 3287322131.84
167 , 183 , 1733506027.1599998
168 , 183 , 623637380.96
163 , 184 , 623637380.96
164 , 184 , 1733506027.1599998
165 , 184 , 3287322131.84
166 , 184 , 3551579667.84
167 , 184 , 3287322131.84
168 , 184 , 1733506027.1599998
169 , 184 , 623637380.96
164 , 185 , 623637380.96
165 , 185 , 1733506027.1599998
166 , 185 , 3287322131.84
167 , 185 , 3551579667.84
168 , 185 , 3287322131.84
169 , 185 , 1733506027.1599998
170 , 185 , 623637380.96
165 , 186 , 623637380.96
166 , 186 , 1733506027.1599998
167 , 186 , 3287322131.84
168 , 186 , 3551579667.84
169 , 186 , 3287322131.84
170 , 186 , 1733506027.1599998
171 , 186 , 623637380.96
166 , 187 , 623637380.96
167 , 187 , 1733506027.1599998
168 , 187 , 3287322131.84
169 , 187 , 3551579667.84
170 , 187 , 3287322131.84
171 , 187 , 1733506027.1599998
172 , 187 , 623637380.96
167 , 188 , 623637380.96
168 , 188 , 1733506027.1599998
169 , 188 , 3287322131.84
170 , 188 , 3551579667.84
171 , 188 , 3287322131.84
172 , 188 , 1733506027.1599998
173 , 188 , 623637380.96
168 , 189 , 623637380.96
169 , 189 , 1733506027.1599998
170 , 189 , 3287322131.84
171 , 189 , 3551579667.84
172 , 189 , 3287322131.84
173 , 189 , 1733506027.1599998
174 , 189 , 623637380.96
169 , 190 , 623637380.96
170 , 190 , 1733506027.1599998
171 , 190 , 3287322131.84
172 , 190 , 3551579667.84
173 , 190 , 3287322131.84
174 , 190 , 1733506027.1599998
175 , 190 , 623637380.96
170 , 191 , 623637380.96
171 , 191 , 1733506027.1599998
172 , 191 , 3287322131.84
173 , 191 , 3551579667.84
174 , 191 , 3287322131.84
175 , 191 , 1733506027.1599998
176 , 191 , 623637380.96
171 , 192 , 623637380.96
172 , 192 , 1733506027.1599998
173 , 192 , 3287322131.84
174 , 192 , 3551579667.84
175 , 192 , 3287322131.84
176 , 192 , 1733506027.1599998
177 , 192 , 623637380.96
172 , 193 , 623637380.96
173 , 193 , 1733506027.1599998
174 , 193 , 3287322131.84
175 , 193 , 3551579667.84
176 , 193 , 3287322131.84
177 , 193 , 1733506027.1599998
178 , 193 , 623637380.96
173 , 194 , 623637380.96
174 , 194 , 1733506027.1599998
175 , 194 , 3287322131.84
176 , 194 , 3551579667.84
177 , 194 , 3287322131.84
178 , 194 , 1733506027.1599998
179 , 194 , 623637380.96
174 , 195 , 623637380.96
175 , 195 , 1733506027.1599998
176 , 195 , 3287322131.84
177 , 195 , 3551579667.84
178 , 195 , 3287322131.84
179 , 195 , 1733506027.1599998
180 , 195 , 623637380.96
175 , 196 , 623637380.96
176 , 196 , 1733506027.1599998
177 , 196 , 3287322131.84
178 , 196 , 3551579667.84
179 , 196 , 3287322131.84
180 , 196 , 1733506027.1599998
181 , 196 , 623637380.96
176 , 197 , 623637380.96
177 , 197 , 1733506027.1599998
178 , 197 , 3287322131.84
179 , 197 , 3551579667.84
180 , 197 , 3287322131.84
181 , 197 , 1733506027.1599998
182 , 197 , 623637380.96
177 , 198 , 623637380.96
178 , 198 , 1733506027.1599998
179 , 198 , 3287322131.84
180 , 198 , 3551579667.84
181 , 198 , 3287322131.84
182 , 198 , 1733506027.1599998
183 , 198 , 623650908.91
185 , 198 , 167066686.19
178 , 199 , 623637380.96
179 , 199 , 1733506027.1599998
180 , 199 , 3287322131.84
181 , 199 , 3551579667.84
182 , 199 , 2653127779.715
183 , 199 , 1321298900.4025
184 , 199 , 1050863957.4025
185 , 199 , 260139732.4025
179 , 200 , 623637380.96
180 , 200 , 1733506027.1599998
181 , 200 , 2653127779.715
182 , 200 , 1997784046.4025
183 , 200 , 1733577233.2975001
184 , 200 , 1463142290.2975001
185 , 200 , 672418065.2975
186 , 200 , 274848808.0025
187 , 200 , 200836540.03499997
180 , 201 , 623650908.91
181 , 201 , 1321298900.4025
182 , 201 , 1733577233.2975001
183 , 201 , 1997885555.75
184 , 201 , 3014990709.89
185 , 201 , 2222179991.59
186 , 201 , 2044526878.0974998
187 , 201 , 902875312.5625
188 , 201 , 268627671.78999996
181 , 202 , 1050863957.4025
182 , 202 , 1463142290.2975001
183 , 202 , 3014990709.89
184 , 202 , 4476007813.25
185 , 202 , 5323947433.09
186 , 202 , 3359637151.0975
187 , 202 , 2217985585.5625
188 , 202 , 668241767.24
189 , 202 , 167060441.81
180 , 203 , 167066686.19
181 , 203 , 260139732.4025
182 , 203 , 672418065.2975
183 , 203 , 2222179991.59
184 , 203 , 5323947433.09
185 , 203 , 4475972303.91
186 , 203 , 4154458142.0975
187 , 203 , 3012806576.5625
188 , 203 , 1461010473.71
182 , 204 , 274848808.0025
183 , 204 , 2044526878.0974998
184 , 204 , 3359637151.0975
185 , 204 , 4154458142.0975
186 , 204 , 3551666150.7225
187 , 204 , 3287365373.315
188 , 204 , 1733506027.1599998
189 , 204 , 623637380.96
182 , 205 , 200836540.03499997
183 , 205 , 902875312.5625
184 , 205 , 2217985585.5625
185 , 205 , 3012806576.5625
186 , 205 , 3287365373.315
187 , 205 , 3551579667.84
188 , 205 , 3287322131.84
189 , 205 , 1733506027.1599998
190 , 205 , 623637380.96
183 , 206 , 268627671.78999996
184 , 206 , 668241767.24
185 , 206 , 1461010473.71
186 , 206 , 1733506027.1599998
187 , 206 , 3287322131.84
188 , 206 , 3551579667.84
189 , 206 , 3287322131.84
190 , 206 , 1733506027.1599998
191 , 206 , 623637380.96
184 , 207 , 167060441.81
186 , 207 , 623637380.96
187 , 207 , 1733506027.1599998
188 , 207 , 3287322131.84
189 , 207 , 3551579667.84
190 , 207 , 3287322131.84
191 , 207 , 1733506027.1599998
192 , 207 , 623637380.96
187 , 208 , 623637380.96
188 , 208 , 1733506027.1599998
189 , 208 , 3287322131.84
190 , 208 , 3551579667.84
191 , 208 , 3287322131.84
192 , 208 , 1733506027.1599998
193 , 208 , 623637380.96
188 , 209 , 623637380.96
189 , 209 , 1733506027.1599998
190 , 209 , 3287322131.84
191 , 209 , 3551579667.84
192 , 209 , 3287322131.84
193 , 209 , 1733506027.1599998
194 , 209 , 623637380.96
189 , 210 , 623637380.96
190 , 210 , 1733506027.1599998
191 , 210 , 3287322131.84
192 , 210 , 3551579667.84
193 , 210 , 3287322131.84
194 , 210 , 1733506027.1599998
195 , 210 , 623637380.96
190 , 211 , 623637380.96
191 , 211 , 1733506027.1599998
192 , 211 , 3287322131.84
193 , 211 , 3551579667.84
194 , 211 , 3287322131.84
195 , 211 , 1733506027.1599998
196 , 211 , 623637380.96
191 , 212 , 623637380.96
192 , 212 , 1733506027.1599998
193 , 212 , 3287322131.84
194 , 212 , 3551579667.84
195 , 212 , 3287322131.84
196 , 212 , 1733506027.1599998
197 , 212 , 623637380.96
192 , 213 , 623637380.96
193 , 213 , 1733506027.1599998
194 , 213 , 3287322131.84
195 , 213 , 3551579667.84
196 , 213 , 3287322131.84
197 , 213 , 1733506027.1599998
198 , 213 , 623637380.96
193 , 214 , 623637380.96
194 , 214 , 1733506027.1599998
195 , 214 , 3287322131.84
196 , 214 , 3551579667.84
197 , 214 , 3287322131.84
198 , 214 , 1733506027.1599998
199 , 214 , 623637380.96
194 , 215 , 623637380.96
195 , 215 , 1733506027.1599998
196 , 215 , 3287322131.84
197 , 215 , 3551579667.84
198 , 215 , 3287322131.84
199 , 215 , 1733506027.1599998
200 , 215 , 623637380.96
195 , 216 , 623637380.96
196 , 216 , 1733506027.1599998
197 , 216 , 3287322131.84
198 , 216 , 3551579667.84
199 , 216 , 3287322131.84
200 , 216 , 1733506027.1599998
201 , 216 , 623637380.96
196 , 217 , 623637380.96
197 , 217 , 1733506027.1599998
198 , 217 , 3287322131.84
199 , 217 , 3551579667.84
200 , 217 , 3287322131.84
201 , 217 , 1733506027.1599998
202 , 217 , 623637380.96
197 , 218 , 623637380.96
198 , 218 , 1733506027.1599998
199 , 218 , 3287322131.84
200 , 218 , 3551579667.84
201 , 218 , 3287322131.84
202 , 218 , 1733506027.1599998
203 , 218 , 623637380.96
198 , 219 , 623637380.96
199 , 219 , 1733506027.1599998
200 , 219 , 3287322131.84
201 , 219 , 3551579667.84
202 , 219 , 3287322131.84
203 , 219 , 1733506027.1599998
204 , 219 , 623637380.96
199 , 220 , 623637380.96
200 , 220 , 1733506027.1599998
201 , 220 , 3287322131.84
202 , 220 , 3551579667.84
203 , 220 , 3287322131.84
204 , 220 , 1733506027.1599998
205 , 220 , 623637380.96
200 , 221 , 623637380.96
201 , 221 , 1733506027.1599998
202 , 221 , 3287322131.84
203 , 221 , 3551579667.84
204 , 221 , 3287322131.84
205 , 221 , 1733506027.1599998
206 , 221 , 623637380.96
201 , 222 , 623637380.96
202 , 222 , 1733506027.1599998
203 , 222 , 3287322131.84
204 , 222 , 3551579667.84
205 , 222 , 3287322131.84
206 , 222 , 1733506027.1599998
207 , 222 , 623637380.96
202 , 223 , 623637380.96
203 , 223 , 1733506027.1599998
204 , 223 , 3287322131.84
205 , 223 , 3551579667.84
206 , 223 , 3287322131.84
207 , 223 , 1733506027.1599998
208 , 223 , 623637380.96
203 , 224 , 623637380.96
204 , 224 , 1733506027.1599998
205 , 224 , 3287322131.84
206 , 224 , 3551579667.84
207 , 224 , 3287322131.84
208 , 224 , 1733506027.1599998
209 , 224 , 623637380.96
204 , 225 , 623637380.96
205 , 225 , 1733506027.1599998
206 , 225 , 3287322131.84
207 , 225 , 3551579667.84
208 , 225 , 3287322131.84
209 , 225 , 1733506027.1599998
210 , 225 , 623637380.96
205 , 226 , 623637380.96
206 , 226 , 1733506027.1599998
207 , 226 , 3287322131.84
208 , 226 , 3551579667.84
209 , 226 , 3287322131.84
210 , 226 , 1733506027.1599998
211 , 226 , 623637380.96
206 , 227 , 623637380.96
207 , 227 , 1733506027.1599998
208 , 227 , 3287322131.84
209 , 227 , 3551579667.84
210 , 227 , 3287322131.84
211 , 227 , 1733506027.1599998
212 , 227 , 623637380.96
207 , 228 , 623637380.96
208 , 228 , 1733506027.1599998
209 , 228 , 3287322131.84
210 , 228 , 3551579667.84
211 , 228 , 3287322131.84
212 , 228 , 1733506027.1599998
213 , 228 , 623637380.96
208 , 229 , 623637380.96
209 , 229 , 1733506027.1599998
210 , 229 , 3287322131.84
211 , 229 , 3551579667.84
212 , 229 , 3287322131.84
213 , 229 , 1733506027.1599998
214 , 229 , 623637380.96
209 , 230 , 623637380.96
210 , 230 , 1733506027.1599998
211 , 230 , 3287322131.84
212 , 230 , 3551579667.84
213 , 230 , 3287322131.84
214 , 230 , 1733506027.1599998
215 , 230 , 623637380.96
210 , 231 , 623637380.96
211 , 231 , 1733506027.1599998
212 , 231 , 3287322131.84
213 , 231 , 3551579667.84
214 , 231 , 3287322131.84
215 , 231 , 1733506027.1599998
216 , 231 , 623637380.96
211 , 232 , 623637380.96
212 , 232 , 1733506027.1599998
213 , 232 , 3287322131.84
214 , 232 , 3551579667.84
215 , 232 , 3287322131.84
216 , 232 , 1733506027.1599998
217 , 232 , 623637380.96
212 , 233 , 623637380.96
213 , 233 , 1733506027.1599998
214 , 233 , 3287322131.84
215 , 233 , 3551579667.84
216 , 233 , 3287322131.84
217 , 233 , 1733506027.1599998
218 , 233 , 623637380.96
213 , 234 , 623637380.96
214 , 234 , 1733506027.1599998
215 , 234 , 3287322131.84
216 , 234 , 3551579667.84
217 , 234 , 3287322131.84
218 , 234 , 1733506027.1599998
219 , 234 , 623637380.96
214 , 235 , 623637380.96
215 , 235 , 1733506027.1599998
216 , 235 , 3287322131.84
217 , 235 , 3551579667.84
218 , 235 , 3287322131.84
219 , 235 , 1733506027.1599998
220 , 235 , 623637380.96
215 , 236 , 623637380.96
216 , 236 , 1733506027.1599998
217 , 236 , 3287322131.84
218 , 236 , 3551579667.84
219 , 236 , 3287322131.84
220 , 236 , 1733506027.1599998
221 , 236 , 623637380.96
216 , 237 , 623637380.96
217 , 237 , 1733506027.1599998
218 , 237 , 3287322131.84
219 , 237 , 3551579667.84
220 , 237 , 3287322131.84
221 , 237 , 1733506027.1599998
222 , 237 , 623637380.96
217 , 238 , 623637380.96
218 , 238 , 1733506027.1599998
219 , 238 , 3287322131.84
220 , 238 , 3551579667.84
221 , 238 , 3287322131.84
222 , 238 , 1733506027.1599998
223 , 238 , 623637380.96
218 , 239 , 623637380.96
219 , 239 , 1733506027.1599998
220 , 239 , 3287322131.84
221 , 239 , 3551579667.84
222 , 239 , 3287322131.84
223 , 239 , 1733506027.1599998
224 , 239 , 623637380.96
219 , 240 , 623637380.96
220 , 240 , 1733506027.1599998
221 , 240 , 3287322131.84
222 , 240 , 3551579667.84
223 , 240 , 3287322131.84
224 , 240 , 1733506027.1599998
225 , 240 , 623637380.96
220 , 241 , 623637380.96
221 , 241 , 1733506027.1599998
222 , 241 , 3287322131.84
223 , 241 , 3551579667.84
224 , 241 , 3287322131.84
225 , 241 , 1733506027.1599998
226 , 241 , 623637380.96
221 , 242 , 623637380.96
222 , 242 , 1733506027.1599998
223 , 242 , 3287322131.84
224 , 242 , 3551579667.84
225 , 242 , 3287322131.84
226 , 242 , 1733506027.1599998
227 , 242 , 623637380.96
222 , 243 , 623637380.96
223 , 243 , 1733506027.1599998
224 , 243 , 3287322131.84
225 , 243 , 3551579667.84
226 , 243 , 3287322131.84
227 , 243 , 1733506027.1599998
228 , 243 , 623637380.96
223 , 244 , 623637380.96
224 , 244 , 1733506027.1599998
225 , 244 , 3287322131.84
226 , 244 , 3551579667.84
227 , 244 , 3287322131.84
228 , 244 , 1733506027.1599998
229 , 244 , 623637380.96
224 , 245 , 623637380.96
225 , 245 , 1733506027.1599998
226 , 245 , 3287322131.84
227 , 245 , 3551579667.84
228 , 245 , 3287322131.84
229 , 245 , 1733506027.1599998
230 , 245 , 623637380.96
225 , 246 , 623637380.96
226 , 246 , 1733506027.1599998
227 , 246 , 3287322131.84
228 , 246 , 3551579667.84
229 , 246 , 3287322131.84
230 , 246 , 1733506027.1599998
231 , 246 , 623637380.96
226 , 247 , 623637380.96
227 , 247 , 1733506027.1599998
228 , 247 , 3287322131.84
229 , 247 , 3551579667.84
230 , 247 , 3287322131.84
231 , 247 , 1733506027.1599998
232 , 247 , 623637380.96
227 , 248 , 623637380.96
228 , 248 , 1733506027.1599998
229 , 248 , 3287322131.84
230 , 248 , 3551579667.84
231 , 248 , 3287322131.84
232 , 248 , 1733506027.1599998
233 , 248 , 623637380.96
228 , 249 , 623637380.96
229 , 249 , 1733506027.1599998
230 , 249 , 3287322131.84
231 , 249 , 3551579667.84
232 , 249 , 3287322131.84
233 , 249 , 1733506027.1599998
234 , 249 , 623637380.96
229 , 250 , 623637380.96
230 , 250 , 1733506027.1599998
231 , 250 , 3287322131.84
232 , 250 , 3551579667.84
233 , 250 , 3287322131.84
234 , 250 , 1733506027.1599998
235 , 250 , 623637380.96
230 , 251 , 623637380.96
231 , 251 , 1733506027.1599998
232 , 251 , 3287322131.84
233 , 251 , 3551579667.84
234 , 251 , 3287322131.84
235 , 251 , 1733506027.1599998
236 , 251 , 623637380.96
231 , 252 , 623637380.96
232 , 252 , 1733506027.1599998
233 , 252 , 3287322131.84
234 , 252 , 3551579667.84
235 , 252 , 3287322131.84
236 , 252 , 1733506027.1599998
237 , 252 , 623637380.96
232 , 253 , 623637380.96
233 , 253 , 1733506027.1599998
234 , 253 , 3287322131.84
235 , 253 , 3551579667.84
236 , 253 , 3287322131.84
237 , 253 , 1733506027.1599998
238 , 253 , 623637380.96
233 , 254 , 623637380.96
234 , 254 , 1733506027.1599998
235 , 254 , 3287322131.84
236 , 254 , 3551579667.84
237 , 254 , 3287322131.84
238 , 254 , 1733506027.1599998
239 , 254 , 623637380.96
234 , 255 , 623637380.96
235 , 255 , 1733506027.1599998
236 , 255 , 3287322131.84
237 , 255 , 3551579667.84
238 , 255 , 3287322131.84
239 , 255 , 1733506027.1599998
240 , 255 , 623637380.96
235 , 256 , 623637380.96
236 , 256 , 1733506027.1599998
237 , 256 , 3287322131.84
238 , 256 , 3551579667.84
239 , 256 , 3287322131.84
240 , 256 , 1733506027.1599998
241 , 256 , 623637380.96
236 , 257 , 623637380.96
237 , 257 , 1733506027.1599998
238 , 257 , 3287322131.84
239 , 257 , 3551579667.84
240 , 257 , 3287322131.84
241 , 257 , 1733506027.1599998
242 , 257 , 623637380.96
237 , 258 , 623637380.96
238 , 258 , 1733506027.1599998
239 , 258 , 3287322131.84
240 , 258 , 3551579667.84
241 , 258 , 3287322131.84
242 , 258 , 1733506027.1599998
243 , 258 , 623637380.96
238 , 259 , 623637380.96
239 , 259 , 1733506027.1599998
240 , 259 , 3287322131.84
241 , 259 , 3551579667.84
242 , 259 , 3287322131.84
243 , 259 , 1733506027.1599998
244 , 259 , 623637380.96
239 , 260 , 623637380.96
240 , 260 , 1733506027.1599998
241 , 260 , 3287322131.84
242 , 260 , 3551579667.84
243 , 260 , 3287322131.84
244 , 260 , 1733506027.1599998
245 , 260 , 623637380.96
240 , 261 , 623637380.96
241 , 261 , 1733506027.1599998
242 , 261 , 3287322131.84
243 , 261 , 3551579667.84
244 , 261 , 3287322131.84
245 , 261 , 1733506027.1599998
246 , 261 , 623637380.96
122 , 262 , 169159936.9475
123 , 262 , 264301428.3275
124 , 262 , 274890262.015
125 , 262 , 200906117.375
241 , 262 , 623651199.5475
242 , 262 , 1733536915.0725
243 , 262 , 2653167446.015
244 , 262 , 2653179638.015
245 , 262 , 2124658713.4475
246 , 262 , 792802682.5475
121 , 263 , 222017296.4375
122 , 263 , 623716386.8275
123 , 263 , 940833395.3225
124 , 263 , 1173402948.3125
125 , 263 , 274891237.09
242 , 263 , 623651199.5475
243 , 263 , 1321308001.25
244 , 263 , 2653206298.0725
245 , 263 , 2653208573.5625
246 , 263 , 1733607954.1875
247 , 263 , 623709396.2775
248 , 263 , 433429501.94
119 , 264 , 528567092.40250003
120 , 264 , 676573746.4375
121 , 264 , 1860519035.01
122 , 264 , 3435543042.6875
123 , 264 , 4556026857.1725
124 , 264 , 4006344522.1525
125 , 264 , 3435507278.5975
126 , 264 , 1786461899.0
127 , 264 , 803376559.625
243 , 264 , 1173387830.2775002
244 , 264 , 3171239989.6725
245 , 264 , 5063351257.8125
246 , 264 , 4492552866.6875
247 , 264 , 4429155604.61
248 , 264 , 3287513142.2775
249 , 264 , 1733617870.0025
250 , 264 , 792811622.7225
251 , 264 , 792809184.3125
322 , 264 , 940796330.5625
323 , 264 , 1733607465.71
324 , 264 , 1321347827.79
325 , 264 , 887946286.49
326 , 264 , 433402841.81
118 , 265 , 676563504.7975
119 , 265 , 1067695870.1875
120 , 265 , 1437687795.3274999
121 , 265 , 2843586004.61
122 , 265 , 4556022630.5275
123 , 265 , 3435516219.6275
124 , 265 , 2579276285.5975
125 , 265 , 2230424313.1475
126 , 265 , 803376559.625
244 , 265 , 1173382302.8775
245 , 265 , 2843536098.0275
246 , 265 , 3171232674.6875
247 , 265 , 3900616148.61
248 , 265 , 5285357986.6875
249 , 265 , 3287502413.5475
250 , 265 , 2124738693.2775
251 , 265 , 1733615756.3474998
252 , 265 , 940794379.785
322 , 265 , 940796330.5625
323 , 265 , 1733607465.71
324 , 265 , 1321347827.79
325 , 265 , 887946286.49
326 , 265 , 433402841.81
117 , 266 , 676573746.4375
118 , 266 , 1437682268.0725
119 , 266 , 1522257034.4524999
120 , 266 , 2114214722.6875
121 , 266 , 3742090562.69
122 , 266 , 3435507278.5975
123 , 266 , 2230437968.5625
124 , 266 , 1067640435.5225
125 , 266 , 940794217.2725
245 , 266 , 1067668396.7225
246 , 266 , 1173387830.2775002
247 , 266 , 2843561620.61
248 , 266 , 4492552866.6875
249 , 266 , 5285334415.5725
250 , 266 , 3900613222.3125
251 , 266 , 3287513142.2775
252 , 266 , 2124720648.44
253 , 266 , 940794379.785
322 , 266 , 940796330.5625
323 , 266 , 1733607465.71
324 , 266 , 1321347827.79
325 , 266 , 887946286.49
326 , 266 , 433402841.81
116 , 267 , 803414924.3475
117 , 267 , 1437660158.69
118 , 267 , 2114188712.1525002
119 , 267 , 1892189785.7225
120 , 267 , 2706129819.1475
121 , 267 , 2114159450.6775
122 , 267 , 1786441091.06
123 , 267 , 803367618.75
247 , 267 , 1173381977.3975
248 , 267 , 3171213166.3475
249 , 267 , 4492497595.0025
250 , 267 , 6120371809.752501
251 , 267 , 5285292961.25
252 , 267 , 3900545433.1475
253 , 267 , 2124691387.3025
254 , 267 , 940783813.31
322 , 267 , 940785764.0625
323 , 267 , 1733582756.25
324 , 267 , 1321328320.3125
325 , 267 , 887932631.25
326 , 267 , 433395689.0625
115 , 268 , 803414924.3475
116 , 268 , 1786493761.1525002
117 , 268 , 2114189524.7350001
118 , 268 , 2706134370.815
119 , 268 , 2177584835.6875
120 , 268 , 1892172066.2275
121 , 268 , 1522191683.2475
122 , 268 , 1437605212.5
123 , 268 , 676520100.0
247 , 268 , 1067663031.7275
248 , 268 , 2843504235.1875
249 , 268 , 5063292897.127501
250 , 268 , 6934283394.815001
251 , 268 , 7727068194.815001
252 , 268 , 6120346937.4725
253 , 268 , 3900545433.1475
254 , 268 , 2124691387.3025
255 , 268 , 940783813.31
248 , 269 , 623637380.96
249 , 269 , 1733506027.1599998
250 , 269 , 3287322131.84
251 , 269 , 3551579667.84
252 , 269 , 3287322131.84
253 , 269 , 1733506027.1599998
254 , 269 , 623637380.96
249 , 270 , 623637380.96
250 , 270 , 1733506027.1599998
251 , 270 , 3287322131.84
252 , 270 , 3551579667.84
253 , 270 , 3287322131.84
254 , 270 , 1733506027.1599998
255 , 270 , 623637380.96
250 , 271 , 623637380.96
251 , 271 , 1733506027.1599998
252 , 271 , 3287322131.84
253 , 271 , 3551579667.84
254 , 271 , 3287322131.84
255 , 271 , 1733506027.1599998
256 , 271 , 623637380.96
251 , 272 , 623637380.96
252 , 272 , 1733506027.1599998
253 , 272 , 3287322131.84
254 , 272 , 3551579667.84
255 , 272 , 3287322131.84
256 , 272 , 1733506027.1599998
257 , 272 , 623637380.96
252 , 273 , 623637380.96
253 , 273 , 1733506027.1599998
254 , 273 , 3287322131.84
255 , 273 , 3551579667.84
256 , 273 , 3287322131.84
257 , 273 , 1733506027.1599998
258 , 273 , 623637380.96
253 , 274 , 623637380.96
254 , 274 , 1733506027.1599998
255 , 274 , 3287322131.84
256 , 274 , 3551579667.84
257 , 274 , 3287322131.84
258 , 274 , 1733506027.1599998
259 , 274 , 623637380.96
254 , 275 , 623637380.96
255 , 275 , 1733506027.1599998
256 , 275 , 3287322131.84
257 , 275 , 3551579667.84
258 , 275 , 3287322131.84
259 , 275 , 1733506027.1599998
260 , 275 , 623637380.96
255 , 276 , 623637380.96
256 , 276 , 1733506027.1599998
257 , 276 , 3287322131.84
258 , 276 , 3551579667.84
259 , 276 , 3287322131.84
260 , 276 , 1733506027.1599998
261 , 276 , 623637380.96
256 , 277 , 623637380.96
257 , 277 , 1733506027.1599998
258 , 277 , 3287322131.84
259 , 277 , 3551579667.84
260 , 277 , 3287322131.84
261 , 277 , 1733506027.1599998
262 , 277 , 623637380.96
257 , 278 , 623637380.96
258 , 278 , 1733506027.1599998
259 , 278 , 3287322131.84
260 , 278 , 3551579667.84
261 , 278 , 3287322131.84
262 , 278 , 1733506027.1599998
263 , 278 , 623637380.96
258 , 279 , 623637380.96
259 , 279 , 1733506027.1599998
260 , 279 , 3287322131.84
261 , 279 , 3551579667.84
262 , 279 , 3287322131.84
263 , 279 , 1733506027.1599998
264 , 279 , 623637380.96
259 , 280 , 623637380.96
260 , 280 , 1733506027.1599998
261 , 280 , 3287322131.84
262 , 280 , 3551579667.84
263 , 280 , 3287322131.84
264 , 280 , 1733506027.1599998
265 , 280 , 623637380.96
260 , 281 , 623637380.96
261 , 281 , 1733506027.1599998
262 , 281 , 3287322131.84
263 , 281 , 3551579667.84
264 , 281 , 3287322131.84
265 , 281 , 1733506027.1599998
266 , 281 , 623637380.96
261 , 282 , 623637380.96
262 , 282 , 1733506027.1599998
263 , 282 , 3287322131.84
264 , 282 , 3551579667.84
265 , 282 , 3287322131.84
266 , 282 , 1733506027.1599998
267 , 282 , 623637380.96
262 , 283 , 623637380.96
263 , 283 , 1733506027.1599998
264 , 283 , 3287322131.84
265 , 283 , 3551579667.84
266 , 283 , 3287322131.84
267 , 283 , 1733506027.1599998
268 , 283 , 623637380.96
263 , 284 , 623637380.96
264 , 284 , 1733506027.1599998
265 , 284 , 3287322131.84
266 , 284 , 3551579667.84
267 , 284 , 3287322131.84
268 , 284 , 1733506027.1599998
269 , 284 , 623637380.96
264 , 285 , 623637380.96
265 , 285 , 1733506027.1599998
266 , 285 , 3287322131.84
267 , 285 , 3551579667.84
268 , 285 , 3287322131.84
269 , 285 , 1733506027.1599998
270 , 285 , 623637380.96
265 , 286 , 623637380.96
266 , 286 , 1733506027.1599998
267 , 286 , 3287322131.84
268 , 286 , 3551579667.84
269 , 286 , 3287322131.84
270 , 286 , 1733506027.1599998
271 , 286 , 623637380.96
266 , 287 , 623637380.96
267 , 287 , 1733506027.1599998
268 , 287 , 3287322131.84
269 , 287 , 3551579667.84
270 , 287 , 3287322131.84
271 , 287 , 1733506027.1599998
272 , 287 , 623637380.96
267 , 288 , 623637380.96
268 , 288 , 1733506027.1599998
269 , 288 , 3287322131.84
270 , 288 , 3551579667.84
271 , 288 , 3287322131.84
272 , 288 , 1733506027.1599998
273 , 288 , 623637380.96
268 , 289 , 623637380.96
269 , 289 , 1733506027.1599998
270 , 289 , 3287322131.84
271 , 289 , 3551579667.84
272 , 289 , 3287322131.84
273 , 289 , 1733506027.1599998
274 , 289 , 623637380.96
269 , 290 , 623637380.96
270 , 290 , 1733506027.1599998
271 , 290 , 3287322131.84
272 , 290 , 3551579667.84
273 , 290 , 3287322131.84
274 , 290 , 1733506027.1599998
275 , 290 , 623637380.96
270 , 291 , 623637380.96
271 , 291 , 1733506027.1599998
272 , 291 , 3287322131.84
273 , 291 , 3551579667.84
274 , 291 , 3287322131.84
275 , 291 , 1733506027.1599998
276 , 291 , 623637380.96
271 , 292 , 623637380.96
272 , 292 , 1733506027.1599998
273 , 292 , 3287322131.84
274 , 292 , 3551579667.84
275 , 292 , 3287322131.84
276 , 292 , 1733506027.1599998
277 , 292 , 623637380.96
272 , 293 , 623637380.96
273 , 293 , 1733506027.1599998
274 , 293 , 3287322131.84
275 , 293 , 3551579667.84
276 , 293 , 3287322131.84
277 , 293 , 1733506027.1599998
278 , 293 , 623637380.96
273 , 294 , 623637380.96
274 , 294 , 1733506027.1599998
275 , 294 , 3287322131.84
276 , 294 , 3551579667.84
277 , 294 , 3287322131.84
278 , 294 , 1733506027.1599998
279 , 294 , 623637380.96
274 , 295 , 623637380.96
275 , 295 , 1733506027.1599998
276 , 295 , 3287322131.84
277 , 295 , 3551579667.84
278 , 295 , 3287322131.84
279 , 295 , 1733506027.1599998
280 , 295 , 623637380.96
275 , 296 , 623637380.96
276 , 296 , 1733506027.1599998
277 , 296 , 3287322131.84
278 , 296 , 3551579667.84
279 , 296 , 3287322131.84
280 , 296 , 1733506027.1599998
281 , 296 , 623637380.96
276 , 297 , 623637380.96
277 , 297 , 1733506027.1599998
278 , 297 , 3287322131.84
279 , 297 , 3551579667.84
280 , 297 , 3287322131.84
281 , 297 , 1733506027.1599998
282 , 297 , 623637380.96
277 , 298 , 623637380.96
278 , 298 , 1733506027.1599998
279 , 298 , 3287322131.84
280 , 298 , 3551579667.84
281 , 298 , 3287322131.84
282 , 298 , 1733506027.1599998
283 , 298 , 623637380.96
278 , 299 , 623637380.96
279 , 299 , 1733506027.1599998
280 , 299 , 3287322131.84
281 , 299 , 3551579667.84
282 , 299 , 3287322131.84
283 , 299 , 1733506027.1599998
284 , 299 , 623637380.96
279 , 300 , 623637380.96
280 , 300 , 1733506027.1599998
281 , 300 , 3287322131.84
282 , 300 , 3551579667.84
283 , 300 , 3287322131.84
284 , 300 , 1733506027.1599998
285 , 300 , 623637380.96
280 , 301 , 623637380.96
281 , 301 , 1733506027.1599998
282 , 301 , 3287322131.84
283 , 301 , 3551579667.84
284 , 301 , 3287322131.84
285 , 301 , 1733506027.1599998
286 , 301 , 623637380.96
281 , 302 , 623637380.96
282 , 302 , 1733506027.1599998
283 , 302 , 3287322131.84
284 , 302 , 3551579667.84
285 , 302 , 3287322131.84
286 , 302 , 1733506027.1599998
287 , 302 , 623637380.96
282 , 303 , 623637380.96
283 , 303 , 1733506027.1599998
284 , 303 , 3287322131.84
285 , 303 , 3551579667.84
286 , 303 , 3287322131.84
287 , 303 , 1733506027.1599998
288 , 303 , 623637380.96
283 , 304 , 623637380.96
284 , 304 , 1733506027.1599998
285 , 304 , 3287322131.84
286 , 304 , 3551579667.84
287 , 304 , 3287322131.84
288 , 304 , 1733506027.1599998
289 , 304 , 623637380.96
284 , 305 , 623637380.96
285 , 305 , 1733506027.1599998
286 , 305 , 3287322131.84
287 , 305 , 3551579667.84
288 , 305 , 3287322131.84
289 , 305 , 1733506027.1599998
290 , 305 , 623637380.96
285 , 306 , 623637380.96
286 , 306 , 1733506027.1599998
287 , 306 , 3287322131.84
288 , 306 , 3551579667.84
289 , 306 , 3287322131.84
290 , 306 , 1733506027.1599998
291 , 306 , 623637380.96
286 , 307 , 623637380.96
287 , 307 , 1733506027.1599998
288 , 307 , 3287322131.84
289 , 307 , 3551579667.84
290 , 307 , 3287322131.84
291 , 307 , 1733506027.1599998
292 , 307 , 623637380.96
287 , 308 , 623637380.96
288 , 308 , 1733506027.1599998
289 , 308 , 3287322131.84
290 , 308 , 3551579667.84
291 , 308 , 3287322131.84
292 , 308 , 1733506027.1599998
293 , 308 , 623637380.96
288 , 309 , 623637380.96
289 , 309 , 1733506027.1599998
290 , 309 , 3287322131.84
291 , 309 , 3551579667.84
292 , 309 , 3287322131.84
293 , 309 , 1733506027.1599998
294 , 309 , 623637380.96
289 , 310 , 623637380.96
290 , 310 , 1733506027.1599998
291 , 310 , 3287322131.84
292 , 310 , 3551579667.84
293 , 310 , 3287322131.84
294 , 310 , 1733506027.1599998
295 , 310 , 623637380.96
290 , 311 , 623637380.96
291 , 311 , 1733506027.1599998
292 , 311 , 3287322131.84
293 , 311 , 3551579667.84
294 , 311 , 3287322131.84
295 , 311 , 1733506027.1599998
296 , 311 , 623637380.96
291 , 312 , 623637380.96
292 , 312 , 1733506027.1599998
293 , 312 , 3287322131.84
294 , 312 , 3551579667.84
295 , 312 , 3287322131.84
296 , 312 , 1733506027.1599998
297 , 312 , 623637380.96
292 , 313 , 623637380.96
293 , 313 , 1733506027.1599998
294 , 313 , 3287322131.84
295 , 313 , 3551579667.84
296 , 313 , 3287322131.84
297 , 313 , 1733506027.1599998
298 , 313 , 623637380.96
293 , 314 , 623637380.96
294 , 314 , 1733506027.1599998
295 , 314 , 3287322131.84
296 , 314 , 3551579667.84
297 , 314 , 3287322131.84
298 , 314 , 1733506027.1599998
299 , 314 , 623637380.96
294 , 315 , 623637380.96
295 , 315 , 1733506027.1599998
296 , 315 , 3287322131.84
297 , 315 , 3551579667.84
298 , 315 , 3287322131.84
299 , 315 , 1733506027.1599998
300 , 315 , 623637380.96
295 , 316 , 623637380.96
296 , 316 , 1733506027.1599998
297 , 316 , 3287322131.84
298 , 316 , 3551579667.84
299 , 316 , 3287322131.84
300 , 316 , 1733506027.1599998
301 , 316 , 623637380.96
296 , 317 , 623637380.96
297 , 317 , 1733506027.1599998
298 , 317 , 3287322131.84
299 , 317 , 3551579667.84
300 , 317 , 3287322131.84
301 , 317 , 1733506027.1599998
302 , 317 , 623637380.96
297 , 318 , 623637380.96
298 , 318 , 1733506027.1599998
299 , 318 , 3287322131.84
300 , 318 , 3551579667.84
301 , 318 , 3287322131.84
302 , 318 , 1733506027.1599998
303 , 318 , 623637380.96
298 , 319 , 623637380.96
299 , 319 , 1733506027.1599998
300 , 319 , 3287322131.84
301 , 319 , 3551579667.84
302 , 319 , 3287322131.84
303 , 319 , 1733506027.1599998
304 , 319 , 623637380.96
299 , 320 , 623637380.96
300 , 320 , 1733506027.1599998
301 , 320 , 3287322131.84
302 , 320 , 3551579667.84
303 , 320 , 3287322131.84
304 , 320 , 1733506027.1599998
305 , 320 , 623637380.96
300 , 321 , 623637380.96
301 , 321 , 1733506027.1599998
302 , 321 , 3287322131.84
303 , 321 , 3551579667.84
304 , 321 , 3287322131.84
305 , 321 , 1733506027.1599998
306 , 321 , 623637380.96
301 , 322 , 623637380.96
302 , 322 , 1733506027.1599998
303 , 322 , 3287322131.84
304 , 322 , 3551579667.84
305 , 322 , 3287322131.84
306 , 322 , 1733506027.1599998
307 , 322 , 623637380.96
302 , 323 , 623637380.96
303 , 323 , 1733506027.1599998
304 , 323 , 3287322131.84
305 , 323 , 3551579667.84
306 , 323 , 3287322131.84
307 , 323 , 1733506027.1599998
308 , 323 , 623637380.96
303 , 324 , 623637380.96
304 , 324 , 1733506027.1599998
305 , 324 , 3287322131.84
306 , 324 , 3551579667.84
307 , 324 , 3287322131.84
308 , 324 , 1733506027.1599998
309 , 324 , 623637380.96
304 , 325 , 623637380.96
305 , 325 , 1733506027.1599998
306 , 325 , 3287322131.84
307 , 325 , 3551579667.84
308 , 325 , 3287322131.84
309 , 325 , 1733506027.1599998
310 , 325 , 623637380.96
305 , 326 , 623637380.96
306 , 326 , 1733506027.1599998
307 , 326 , 3287322131.84
308 , 326 , 3551579667.84
309 , 326 , 3287322131.84
310 , 326 , 1733506027.1599998
311 , 326 , 623637380.96
306 , 327 , 623637380.96
307 , 327 , 1733506027.1599998
308 , 327 , 3287322131.84
309 , 327 , 3551579667.84
310 , 327 , 3287322131.84
311 , 327 , 1733506027.1599998
312 , 327 , 623637380.96
307 , 328 , 623637380.96
308 , 328 , 1733506027.1599998
309 , 328 , 3287322131.84
310 , 328 , 3551579667.84
311 , 328 , 3287322131.84
312 , 328 , 1733506027.1599998
313 , 328 , 623637380.96
308 , 329 , 623637380.96
309 , 329 , 1733506027.1599998
310 , 329 , 3287322131.84
311 , 329 , 3551579667.84
312 , 329 , 3287322131.84
313 , 329 , 1733506027.1599998
314 , 329 , 623637380.96
309 , 330 , 623637380.96
310 , 330 , 1733506027.1599998
311 , 330 , 3287322131.84
312 , 330 , 3551579667.84
313 , 330 , 3287322131.84
314 , 330 , 1733506027.1599998
315 , 330 , 623637380.96
310 , 331 , 623637380.96
311 , 331 , 1733506027.1599998
312 , 331 , 3287322131.84
313 , 331 , 3551579667.84
314 , 331 , 3287322131.84
315 , 331 , 1733506027.1599998
316 , 331 , 623637380.96
311 , 332 , 623637380.96
312 , 332 , 1733506027.1599998
313 , 332 , 3287322131.84
314 , 332 , 3551579667.84
315 , 332 , 3287322131.84
316 , 332 , 1733506027.1599998
317 , 332 , 623637380.96
312 , 333 , 623637380.96
313 , 333 , 1733506027.1599998
314 , 333 , 3287322131.84
315 , 333 , 3551579667.84
316 , 333 , 3287322131.84
317 , 333 , 1733506027.1599998
318 , 333 , 623637380.96
313 , 334 , 623637380.96
314 , 334 , 1733506027.1599998
315 , 334 , 3287322131.84
316 , 334 , 3551579667.84
317 , 334 , 3287322131.84
318 , 334 , 1733506027.1599998
319 , 334 , 623637380.96
314 , 335 , 623637380.96
315 , 335 , 1733506027.1599998
316 , 335 , 3287322131.84
317 , 335 , 3551579667.84
318 , 335 , 3287322131.84
319 , 335 , 1733506027.1599998
320 , 335 , 623637380.96
48 , 336 , 169141404.4375
49 , 336 , 264278669.1275
50 , 336 , 274848808.0025
51 , 336 , 200836540.03499997
315 , 336 , 623637380.96
316 , 336 , 1733506027.1599998
317 , 336 , 3287322131.84
318 , 336 , 3551579667.84
319 , 336 , 3287322131.84
320 , 336 , 1733506027.1599998
321 , 336 , 623637380.96
48 , 337 , 169141404.4375
49 , 337 , 264277856.3125
50 , 337 , 274849295.6875
51 , 337 , 274835315.21
316 , 337 , 623637380.96
317 , 337 , 1733506027.1599998
318 , 337 , 3287322131.84
319 , 337 , 3551579667.84
320 , 337 , 3287322131.84
321 , 337 , 1733506027.1599998
322 , 337 , 623637380.96
48 , 338 , 169139291.1025
49 , 338 , 264277043.4775
50 , 338 , 264277043.4775
51 , 338 , 264266476.86499998
317 , 338 , 623637380.96
318 , 338 , 1733506027.1599998
319 , 338 , 3287322131.84
320 , 338 , 3551579667.84
321 , 338 , 3287322131.84
322 , 338 , 1733506027.1599998
323 , 338 , 623637380.96
48 , 339 , 169137177.7475
49 , 339 , 169137177.7475
50 , 339 , 169137177.7475
51 , 339 , 169130025.0
318 , 339 , 623637380.96
319 , 339 , 1733506027.1599998
320 , 339 , 3287322131.84
321 , 339 , 3551579667.84
322 , 339 , 3287322131.84
323 , 339 , 1733506027.1599998
324 , 339 , 623637380.96
319 , 340 , 623637380.96
320 , 340 , 1733506027.1599998
321 , 340 , 3287322131.84
322 , 340 , 3551579667.84
323 , 340 , 3287322131.84
324 , 340 , 1733506027.1599998
325 , 340 , 623637380.96
320 , 341 , 623637380.96
321 , 341 , 1733506027.1599998
322 , 341 , 3287322131.84
323 , 341 , 3551579667.84
324 , 341 , 3287322131.84
325 , 341 , 1733506027.1599998
326 , 341 , 623637380.96
321 , 342 , 623637380.96
322 , 342 , 1733506027.1599998
323 , 342 , 3287322131.84
324 , 342 , 3551579667.84
325 , 342 , 3287322131.84
326 , 342 , 1733506027.1599998
327 , 342 , 623637380.96
322 , 343 , 623637380.96
323 , 343 , 1733506027.1599998
324 , 343 , 3287322131.84
325 , 343 , 3551579667.84
326 , 343 , 3287322131.84
327 , 343 , 1733506027.1599998
328 , 343 , 623637380.96
323 , 344 , 623637380.96
324 , 344 , 1733506027.1599998
325 , 344 , 3287322131.84
326 , 344 , 3551579667.84
327 , 344 , 3287322131.84
328 , 344 , 1733506027.1599998
329 , 344 , 623637380.96
324 , 345 , 623637380.96
325 , 345 , 1733506027.1599998
326 , 345 , 3287322131.84
327 , 345 , 3551579667.84
328 , 345 , 3287322131.84
329 , 345 , 1733506027.1599998
330 , 345 , 623637380.96
325 , 346 , 623637380.96
326 , 346 , 1733506027.1599998
327 , 346 , 3287322131.84
328 , 346 , 3551579667.84
329 , 346 , 3287322131.84
330 , 346 , 1733506027.1599998
331 , 346 , 623637380.96
326 , 347 , 623637380.96
327 , 347 , 1733506027.1599998
328 , 347 , 3287322131.84
329 , 347 , 3551579667.84
330 , 347 , 3287365373.315
331 , 347 , 1733536426.25
332 , 347 , 623654937.665
327 , 348 , 623637380.96
328 , 348 , 1733506027.1599998
329 , 348 , 3287365373.315
330 , 348 , 3551666150.7225
331 , 348 , 2653187439.6875
332 , 348 , 1321319379.4775
333 , 348 , 433398777.7475
328 , 349 , 623637380.96
329 , 349 , 1733536426.25
330 , 349 , 2653187439.6875
331 , 349 , 1997824361.2725
332 , 349 , 1321319379.4775
333 , 349 , 433398777.7475
329 , 350 , 623654937.665
330 , 350 , 1321319379.4775
331 , 350 , 1321319379.4775
332 , 350 , 887930030.3025
333 , 350 , 433398777.7475
330 , 351 , 433398777.7475
331 , 351 , 433398777.7475
332 , 351 , 433398777.7475
333 , 351 , 221983157.8125
